-1297.356603 
-7.951992 
-0.994528 
-0.306132 
0.064009 
0.581770 
1.306594 
2.321264 
3.741613 
5.729685 
-1297.311125 
-7.951778 
-0.994482 
-0.306060 
0.064093 
0.581863 
1.306697 
2.321378 
3.741742 
5.729827 
-1297.215959 
-7.951331 
-0.994390 
-0.305916 
0.064263 
0.582049 
1.306908 
2.321614 
3.742006 
5.730120 
-1297.344666 
-7.951639 
-0.994316 
-0.305698 
0.064520 
0.582333 
1.307228 
2.321979 
3.742416 
5.730568 
-1297.645321 
-7.952508 
-0.994246 
-0.305401 
0.064871 
0.582721 
1.307663 
2.322474 
3.742975 
5.731181 
-1298.087339 
-7.953814 
-0.994162 
-0.305014 
0.065328 
0.583225 
1.308227 
2.323112 
3.743696 
5.731970 
-1298.672649 
-7.955548 
-0.994059 
-0.304528 
0.065901 
0.583856 
1.308932 
2.323909 
3.744594 
5.732954 
-1299.394802 
-7.957669 
-0.993924 
-0.303928 
0.066604 
0.584628 
1.309795 
2.324883 
3.745689 
5.734150 
-1300.249292 
-7.960136 
-0.993741 
-0.303198 
0.067456 
0.585563 
1.310835 
2.326053 
3.747004 
5.735585 
-1301.231695 
-7.962904 
-0.993495 
-0.302319 
0.068478 
0.586680 
1.312077 
2.327447 
3.748564 
5.737285 
-1302.336222 
-7.965915 
-0.993162 
-0.301267 
0.069694 
0.588008 
1.313547 
2.329092 
3.750403 
5.739285 
-1303.554720 
-7.969095 
-0.992718 
-0.300016 
0.071134 
0.589575 
1.315278 
2.331024 
3.752556 
5.741622 
-1304.875339 
-7.972348 
-0.992129 
-0.298535 
0.072831 
0.591416 
1.317306 
2.333280 
3.755064 
5.744341 
-1306.281275 
-7.975547 
-0.991357 
-0.296788 
0.074821 
0.593570 
1.319672 
2.335906 
3.757976 
5.747491 
-1307.748935 
-7.978528 
-0.990354 
-0.294735 
0.077150 
0.596084 
1.322425 
2.338952 
3.761344 
5.751128 
-1309.245762 
-7.981077 
-0.989062 
-0.292331 
0.079864 
0.599007 
1.325618 
2.342475 
3.765230 
5.755317 
-1310.727614 
-7.982918 
-0.987410 
-0.289525 
0.083019 
0.602397 
1.329310 
2.346538 
3.769702 
5.760128 
-1312.135199 
-7.983696 
-0.985312 
-0.286258 
0.086676 
0.606318 
1.333571 
2.351214 
3.774836 
5.765644 
-1313.389403 
-7.982950 
-0.982663 
-0.282466 
0.090905 
0.610841 
1.338475 
2.356585 
3.780719 
5.771954 
-1314.385482 
-7.980091 
-0.979333 
-0.278078 
0.095782 
0.616048 
1.344108 
2.362739 
3.787447 
5.779159 
-1314.985559 
-7.974360 
-0.975165 
-0.273013 
0.101393 
0.622029 
1.350565 
2.369780 
3.795130 
5.787373 
-1315.007778 
-7.964775 
-0.969964 
-0.267185 
0.107834 
0.628883 
1.357954 
2.377822 
3.803887 
5.796721 
-1314.212424 
-7.950066 
-0.963490 
-0.260493 
0.115211 
0.636725 
1.366395 
2.386994 
3.813855 
5.807344 
-1312.281401 
-7.928574 
-0.955442 
-0.252828 
0.123647 
0.645684 
1.376027 
2.397442 
3.825188 
5.819397 
-1308.787559 
-7.898102 
-0.945445 
-0.244064 
0.133281 
0.655909 
1.387007 
2.409334 
3.838057 
5.833050 
-1303.146941 
-7.855693 
-0.933019 
-0.234058 
0.144276 
0.667574 
1.399525 
2.422866 
3.852655 
5.848490 
-1294.539082 
-7.797259 
-0.917537 
-0.222633 
0.156832 
0.680895 
1.413806 
2.438268 
3.869198 
5.865915 
-1281.766074 
-7.716947 
-0.898160 
-0.209571 
0.171203 
0.696145 
1.430138 
2.455816 
3.887924 
5.885534 
-1262.997112 
-7.606003 
-0.873720 
-0.194575 
0.187735 
0.713695 
1.448900 
2.475852 
3.909082 
5.907559 
-1235.325363 
-7.450813 
-0.842526 
-0.177221 
0.206925 
0.734086 
1.470631 
2.498806 
3.932908 
5.932194 
-1194.333213 
-7.230145 
-0.801946 
-0.156870 
0.229526 
0.758174 
1.496163 
2.525229 
3.959538 
5.959634 
-855.825104 
-5.784055 
-0.630548 
-0.093454 
0.294491 
0.822546 
1.557928 
2.581167 
4.006302 
5.996516 
-98.188043 
-1.785685 
-0.226363 
0.065261 
0.444303 
0.967264 
1.690211 
2.693019 
4.089947 
6.049737 
-1.843267 
-0.247474 
-0.007208 
0.260732 
0.624651 
1.128255 
1.827965 
2.803934 
4.168318 
6.070289 
0.046980 
0.155364 
0.310355 
0.533224 
0.856794 
1.322346 
1.987011 
2.929499 
4.258807 
6.126179 
0.054484 
0.171510 
0.336650 
0.570329 
0.900541 
1.367537 
2.029199 
2.966394 
4.290974 
6.158140 
0.085674 
0.205662 
0.374876 
0.612885 
0.947141 
1.417172 
2.079280 
3.013317 
4.331568 
6.191038 
0.156476 
0.277318 
0.446510 
0.684721 
1.020027 
1.490301 
2.150156 
3.077866 
4.384507 
6.226580 
0.156639 
0.277914 
0.448313 
0.688487 
1.025889 
1.498711 
2.161746 
3.092811 
4.402589 
6.247853 
0.146715 
0.268415 
0.439963 
0.681580 
1.020405 
1.495392 
2.161592 
3.096825 
4.412031 
6.268094 
0.176625 
0.298211 
0.469510 
0.710767 
1.049158 
1.523521 
2.188638 
3.121773 
4.433208 
6.290978 
0.346465 
0.467221 
0.636286 
0.873268 
1.205225 
1.669756 
2.320031 
3.230825 
4.506551 
6.284187 
0.335934 
0.456074 
0.625302 
0.862932 
1.195708 
1.661682 
2.314147 
3.227839 
4.507559 
6.299937 
0.395962 
0.515943 
0.684536 
0.920791 
1.251419 
1.714111 
2.361747 
3.268529 
4.538699 
6.319468 
0.375903 
0.496027 
0.665065 
0.902047 
1.233804 
1.698231 
2.348481 
3.259117 
4.534909 
6.323911 
0.345967 
0.466522 
0.636211 
0.873933 
1.206976 
1.673547 
2.327151 
3.242765 
4.525693 
6.324616 
0.375924 
0.496281 
0.665590 
0.902779 
1.234896 
1.699964 
2.351260 
3.263468 
4.541460 
6.333308 
0.415832 
0.535932 
0.704657 
0.940913 
1.271606 
1.734491 
2.382482 
3.289779 
4.560514 
6.342228 
0.445990 
0.566141 
0.734425 
0.969892 
1.299373 
1.760462 
2.405867 
3.309433 
4.574150 
6.338837 
0.375913 
0.496387 
0.665679 
0.902885 
1.235257 
1.700948 
2.353371 
3.267367 
4.548220 
6.348229 
0.405865 
0.526188 
0.695091 
0.931645 
1.262955 
1.726985 
2.376917 
3.287314 
4.562975 
6.352191 
0.485887 
0.605662 
0.773381 
1.007984 
1.336158 
1.795319 
2.437959 
3.337735 
4.598044 
6.364301 
0.425757 
0.545863 
0.714344 
0.950371 
1.281003 
1.744107 
2.392681 
3.300959 
4.573035 
6.354984 
0.455822 
0.575887 
0.744069 
0.979487 
1.309024 
1.770333 
2.416170 
3.320448 
4.586682 
6.359658 
0.455850 
0.575986 
0.744224 
0.979715 
1.309342 
1.770754 
2.416714 
3.321150 
4.587520 
6.359098 
0.425862 
0.546184 
0.714930 
0.951219 
1.282097 
1.745446 
2.394332 
3.303131 
4.576319 
6.362426 
0.415899 
0.536343 
0.705186 
0.941688 
1.272956 
1.736947 
2.386811 
3.297031 
4.572318 
6.363349 
0.465948 
0.586036 
0.754248 
0.989597 
1.318900 
1.779740 
2.424815 
3.327941 
4.592074 
6.356117 
0.415885 
0.536306 
0.705149 
0.941660 
1.272955 
1.736987 
2.386894 
3.297109 
4.572220 
6.363032 
0.435895 
0.556243 
0.724871 
0.960956 
1.291490 
1.754286 
2.402309 
3.309736 
4.580461 
6.360126 
0.445811 
0.566023 
0.734430 
0.970232 
1.300392 
1.762651 
2.409839 
3.315905 
4.584241 
6.358580 
0.475807 
0.595727 
0.763743 
0.998863 
1.327883 
1.788328 
2.432767 
3.334805 
4.597268 
6.362334 
0.445822 
0.566067 
0.734516 
0.970381 
1.300633 
1.763028 
2.410424 
3.316847 
4.586096 
6.365014 
0.435886 
0.556282 
0.724985 
0.961191 
1.291915 
1.754983 
2.403369 
3.311282 
4.582797 
6.364738 
0.435959 
0.556477 
0.725251 
0.961527 
1.292304 
1.755395 
2.403778 
3.311686 
4.583105 
6.363214 
0.426007 
0.546644 
0.715611 
0.952163 
1.283346 
1.747043 
2.396339 
3.305620 
4.579171 
6.363183 
0.406003 
0.526729 
0.695898 
0.932863 
1.264793 
1.729720 
2.380893 
3.292908 
4.570616 
6.365017 
0.445950 
0.566314 
0.734970 
0.971020 
1.301397 
1.763817 
2.411130 
3.317348 
4.585861 
6.358901 
0.445964 
0.566364 
0.735002 
0.971031 
1.301381 
1.763765 
2.411023 
3.317155 
4.585500 
6.357998 
0.405989 
0.526668 
0.695875 
0.932851 
1.264746 
1.729577 
2.380588 
3.292367 
4.569662 
6.362153 
0.405997 
0.526684 
0.695894 
0.932851 
1.264698 
1.729464 
2.380415 
3.292170 
4.569469 
6.361011 
0.425894 
0.546344 
0.715106 
0.951452 
1.282440 
1.745953 
2.395028 
3.303936 
4.576627 
6.357494 
0.485797 
0.605592 
0.773456 
1.008311 
1.336889 
1.796634 
2.440040 
3.340679 
4.601511 
6.366048 
0.455779 
0.575871 
0.744087 
0.979579 
1.309251 
1.770781 
2.416956 
3.321723 
4.588524 
6.360190 
0.415811 
0.536096 
0.704789 
0.941123 
1.272237 
1.736137 
2.386029 
3.296427 
4.572097 
6.364520 
0.445693 
0.565682 
0.733812 
0.969314 
1.299181 
1.761199 
2.408264 
3.314442 
4.583469 
6.359500 
0.545600 
0.664618 
0.831267 
1.064296 
1.390152 
1.845904 
2.483549 
3.375998 
4.625377 
6.374684 
0.465548 
0.585212 
0.752890 
0.987780 
1.316797 
1.777585 
2.422811 
3.326190 
4.590956 
6.362091 
0.475694 
0.595473 
0.763227 
0.998034 
1.326716 
1.786837 
2.431016 
3.332904 
4.595371 
6.360207 
0.445708 
0.565743 
0.733985 
0.969601 
1.299573 
1.761673 
2.408787 
3.314974 
4.584087 
6.363449 
0.455767 
0.575874 
0.744088 
0.979579 
1.309259 
1.770813 
2.417042 
3.321918 
4.589084 
6.363889 
0.455828 
0.575994 
0.744283 
0.979848 
1.309591 
1.771196 
2.417467 
3.322391 
4.589531 
6.362639 
0.425839 
0.546220 
0.714929 
0.951225 
1.282183 
1.745709 
2.394883 
3.304069 
4.577750 
6.365731 
0.445864 
0.566174 
0.734671 
0.970548 
1.300759 
1.763053 
2.410320 
3.316641 
4.585734 
6.362158 
0.445807 
0.566086 
0.734560 
0.970437 
1.300679 
1.763029 
2.410339 
3.316620 
4.585450 
6.361446 
0.455838 
0.576044 
0.744418 
0.980089 
1.309952 
1.771670 
2.418009 
3.322886 
4.589675 
6.361714 
0.435918 
0.556367 
0.725063 
0.961223 
1.291842 
1.754739 
2.402906 
3.310597 
4.581917 
6.362798 
0.395931 
0.516599 
0.685721 
0.922729 
1.254862 
1.720238 
2.372195 
3.285456 
4.565332 
6.367288 
0.475904 
0.595913 
0.764045 
0.999244 
1.328277 
1.788659 
2.432974 
3.334839 
4.596724 
6.355642 
0.435841 
0.556239 
0.724888 
0.961054 
1.291747 
1.754759 
2.402990 
3.310494 
4.580931 
6.360738 
0.435990 
0.556540 
0.725379 
0.961701 
1.292487 
1.755530 
2.403776 
3.311374 
4.582010 
6.359145 
0.396044 
0.516957 
0.686444 
0.923826 
1.256301 
1.721949 
2.374096 
3.287458 
4.567010 
6.363202 
0.406138 
0.527156 
0.696645 
0.933916 
1.266093 
1.731171 
2.382402 
3.294409 
4.571785 
6.360659 
0.396109 
0.517179 
0.686836 
0.924395 
1.257037 
1.722824 
2.375075 
3.288506 
4.567941 
6.361524 
0.406137 
0.527173 
0.696711 
0.934046 
1.266299 
1.731458 
2.382747 
3.294726 
4.571834 
6.359833 
0.396080 
0.517113 
0.686712 
0.924232 
1.256869 
1.722685 
2.374956 
3.288276 
4.567311 
6.361293 
0.426023 
0.546749 
0.715980 
0.952848 
1.284371 
1.748367 
2.397792 
3.306761 
4.578827 
6.357109 
0.426037 
0.546804 
0.716118 
0.953085 
1.284709 
1.748776 
2.398197 
3.307044 
4.578817 
6.356453 
0.396320 
0.517576 
0.687595 
0.925503 
1.258420 
1.724322 
2.376422 
3.289262 
4.567397 
6.359135 
0.286431 
0.408414 
0.580281 
0.821131 
1.158644 
1.631542 
2.293983 
3.221721 
4.520857 
6.340473 
0.296581 
0.418719 
0.590850 
0.831941 
1.169442 
1.641922 
2.303410 
3.229555 
4.526139 
6.340590 
0.296833 
0.419416 
0.591861 
0.833236 
1.170999 
1.643641 
2.305144 
3.231194 
4.527481 
6.338239 
0.236866 
0.360007 
0.533852 
0.777353 
1.117837 
1.594227 
2.261262 
3.195686 
4.505134 
6.343925 
0.225226 
0.349193 
0.528485 
0.774210 
1.112475 
1.587335 
2.254416 
3.190151 
4.501585 
6.339426 
0.476600 
0.598196 
0.768314 
1.005507 
1.336263 
1.797869 
2.442827 
3.344839 
4.607507 
6.374316 
0.435938 
0.556727 
0.726053 
0.963114 
1.294912 
1.759175 
2.408705 
3.317596 
4.590354 
6.376933 
0.445778 
0.566178 
0.734884 
0.971134 
1.301954 
1.765153 
2.413628 
3.321463 
4.592708 
6.373410 
0.485564 
0.605287 
0.773128 
1.008063 
1.336916 
1.797255 
2.441710 
3.344021 
4.607704 
6.378665 
0.495353 
0.614749 
0.781980 
1.016202 
1.344236 
1.803617 
2.446879 
3.347603 
4.609222 
6.380450 
0.555138 
0.673672 
0.839832 
1.072344 
1.397702 
1.853014 
2.490256 
3.382168 
4.630237 
6.373023 
0.544970 
0.663448 
0.829380 
1.061770 
1.387212 
1.842900 
2.480860 
3.373863 
4.623780 
6.375452 
0.584905 
0.702884 
0.868218 
1.099568 
1.423286 
1.876268 
2.510180 
3.397297 
4.638279 
6.369887 
0.554894 
0.673149 
0.838854 
1.070847 
1.395642 
1.850357 
2.486960 
3.378191 
4.625880 
6.373166 
0.524945 
0.643400 
0.809419 
1.042017 
1.367887 
1.824374 
2.463726 
3.359082 
4.613247 
6.375948 
0.584968 
0.702958 
0.868262 
1.099520 
1.423059 
1.875762 
2.509330 
3.396120 
4.636796 
6.366059 
0.534967 
0.653436 
0.819483 
1.051987 
1.377552 
1.833436 
2.471815 
3.365738 
4.617475 
6.370984 
0.505036 
0.623743 
0.790156 
1.023339 
1.350086 
1.807897 
2.449257 
3.347664 
4.606338 
6.372494 
0.574983 
0.693110 
0.858656 
1.090286 
1.414393 
1.867965 
2.502876 
3.391862 
4.636965 
6.381596 
0.554915 
0.673280 
0.839055 
1.071153 
1.396103 
1.851045 
2.488001 
3.379871 
4.628829 
6.377480 
0.544947 
0.663400 
0.829362 
1.061734 
1.387096 
1.842666 
2.480578 
3.373871 
4.624983 
6.378080 
0.544951 
0.663407 
0.829385 
1.061765 
1.387119 
1.842660 
2.480524 
3.373767 
4.624832 
6.377531 
0.544926 
0.663325 
0.829259 
1.061582 
1.386864 
1.842323 
2.480095 
3.373221 
4.624165 
6.377317 
0.544869 
0.663178 
0.828918 
1.061065 
1.386214 
1.841586 
2.479269 
3.372197 
4.622719 
6.377573 
0.604821 
0.722517 
0.887423 
1.118118 
1.440853 
1.892397 
2.524271 
3.408571 
4.645552 
6.369204 
0.554798 
0.672938 
0.838493 
1.070349 
1.395047 
1.849724 
2.486357 
3.377708 
4.625728 
6.375533 
0.554916 
0.673220 
0.838893 
1.070826 
1.395538 
1.850172 
2.486765 
3.378196 
4.626504 
6.374110 
0.534900 
0.653306 
0.819225 
1.051627 
1.377150 
1.833086 
2.471656 
3.366027 
4.618894 
6.375634 
0.574927 
0.693013 
0.858453 
1.089957 
1.413924 
1.867355 
2.502137 
3.391048 
4.636200 
6.381116 
0.534872 
0.653213 
0.819144 
1.051547 
1.377058 
1.832976 
2.471537 
3.365937 
4.618885 
6.374976 
0.544833 
0.663073 
0.828806 
1.060904 
1.385955 
1.841192 
2.478755 
3.371674 
4.622462 
6.377405 
0.584715 
0.702558 
0.867607 
1.098649 
1.422067 
1.874798 
2.508562 
3.395746 
4.637440 
6.372840 
0.604581 
0.722105 
0.886775 
1.117266 
1.439873 
1.891386 
2.523310 
3.407715 
4.645298 
6.376325 
0.604611 
0.722168 
0.886843 
1.117333 
1.439932 
1.891438 
2.523363 
3.407787 
4.645376 
6.375360 
0.574690 
0.692599 
0.857779 
1.089064 
1.412900 
1.866301 
2.501083 
3.389778 
4.634008 
6.377660 
0.564860 
0.683031 
0.848528 
1.080194 
1.404501 
1.858526 
2.494219 
3.384331 
4.630589 
6.373553 
0.524906 
0.643370 
0.809513 
1.042223 
1.368184 
1.824771 
2.464331 
3.360199 
4.615341 
6.376675 
0.534901 
0.653339 
0.819366 
1.051865 
1.377470 
1.833494 
2.472208 
3.366840 
4.620082 
6.376336 
0.564773 
0.682895 
0.848382 
1.080088 
1.404513 
1.858765 
2.494817 
3.385477 
4.632796 
6.379805 
0.604627 
0.722212 
0.887034 
1.117713 
1.440552 
1.892376 
2.524780 
3.410058 
4.649515 
6.385083 
0.604589 
0.722175 
0.886918 
1.117520 
1.440302 
1.892101 
2.524508 
3.409786 
4.649144 
6.384319 
0.584635 
0.702449 
0.867457 
1.098507 
1.422023 
1.874995 
2.509204 
3.397140 
4.640267 
6.380394 
0.584721 
0.702592 
0.867683 
1.098777 
1.422279 
1.875167 
2.509255 
3.397097 
4.640199 
6.379404 
0.554726 
0.672800 
0.838256 
1.070021 
1.394671 
1.849411 
2.486321 
3.378352 
4.628028 
6.382898 
0.584654 
0.702500 
0.867572 
1.098664 
1.422174 
1.875057 
2.509081 
3.396774 
4.639675 
6.378581 
0.614759 
0.732348 
0.897051 
1.127439 
1.449722 
1.900626 
2.531659 
3.415020 
4.651793 
6.383239 
0.514837 
0.633230 
0.799339 
1.032118 
1.358325 
1.815410 
2.455767 
3.352712 
4.608860 
6.367868 
0.534851 
0.653213 
0.819194 
1.051612 
1.377091 
1.832929 
2.471372 
3.365559 
4.617849 
6.371550 
0.564735 
0.682811 
0.848264 
1.079909 
1.404227 
1.858305 
2.494096 
3.384360 
4.630977 
6.376666 
0.594602 
0.712316 
0.877193 
1.108005 
1.431110 
1.883404 
2.516557 
3.402938 
4.643919 
6.381595 
0.614483 
0.731868 
0.896375 
1.126647 
1.448957 
1.900070 
2.531468 
3.415264 
4.652488 
6.384817 
