0.091237 
0.196991 
0.289839 
0.346600 
0.400000 
0.400000 
0.400000 
0.400000 
0.400000 
0.400000 
0.091237 
0.196992 
0.289842 
0.346610 
0.400000 
0.400000 
0.400000 
0.400000 
0.400000 
0.400000 
0.091238 
0.196994 
0.289846 
0.346630 
0.400000 
0.400000 
0.400000 
0.400000 
0.400000 
0.400000 
0.091237 
0.196993 
0.289850 
0.346660 
0.400000 
0.400000 
0.400000 
0.400000 
0.400000 
0.400000 
0.091235 
0.196989 
0.289854 
0.346700 
0.400000 
0.400000 
0.400000 
0.400000 
0.400000 
0.400000 
0.091231 
0.196983 
0.289858 
0.346753 
0.400000 
0.400000 
0.400000 
0.400000 
0.400000 
0.400000 
0.091226 
0.196975 
0.289863 
0.346820 
0.400000 
0.400000 
0.400000 
0.400000 
0.400000 
0.400000 
0.091221 
0.196965 
0.289870 
0.346902 
0.400000 
0.400000 
0.400000 
0.400000 
0.400000 
0.400000 
0.091214 
0.196954 
0.289880 
0.347002 
0.400000 
0.400000 
0.400000 
0.400000 
0.400000 
0.400000 
0.091206 
0.196942 
0.289892 
0.347122 
0.400000 
0.400000 
0.400000 
0.400000 
0.400000 
0.400000 
0.091197 
0.196928 
0.289909 
0.347267 
0.400000 
0.400000 
0.400000 
0.400000 
0.400000 
0.400000 
0.091188 
0.196913 
0.289932 
0.347439 
0.400000 
0.400000 
0.400000 
0.400000 
0.400000 
0.400000 
0.091177 
0.196899 
0.289962 
0.347644 
0.400000 
0.400000 
0.400000 
0.400000 
0.400000 
0.400000 
0.091166 
0.196884 
0.290002 
0.347886 
0.400000 
0.400000 
0.400000 
0.400000 
0.400000 
0.400000 
0.091155 
0.196871 
0.290053 
0.348172 
0.400000 
0.400000 
0.400000 
0.400000 
0.400000 
0.400000 
0.091143 
0.196859 
0.290120 
0.348508 
0.400000 
0.400000 
0.400000 
0.400000 
0.400000 
0.400000 
0.091131 
0.196851 
0.290205 
0.348902 
0.400000 
0.400000 
0.400000 
0.400000 
0.400000 
0.400000 
0.091120 
0.196847 
0.290313 
0.349364 
0.400000 
0.400000 
0.400000 
0.400000 
0.400000 
0.400000 
0.091110 
0.196850 
0.290450 
0.349903 
0.400000 
0.400000 
0.400000 
0.400000 
0.400000 
0.400000 
0.091103 
0.196863 
0.290623 
0.350533 
0.400000 
0.400000 
0.400000 
0.400000 
0.400000 
0.400000 
0.091098 
0.196890 
0.290840 
0.351266 
0.400000 
0.400000 
0.400000 
0.400000 
0.400000 
0.400000 
0.091098 
0.196933 
0.291113 
0.352119 
0.400000 
0.400000 
0.400000 
0.400000 
0.400000 
0.400000 
0.091104 
0.197000 
0.291454 
0.353111 
0.400000 
0.400000 
0.400000 
0.400000 
0.400000 
0.400000 
0.091119 
0.197098 
0.291881 
0.354263 
0.400000 
0.400000 
0.400000 
0.400000 
0.400000 
0.400000 
0.091147 
0.197238 
0.292417 
0.355602 
0.400000 
0.400000 
0.400000 
0.400000 
0.400000 
0.400000 
0.091191 
0.197434 
0.293091 
0.357161 
0.400000 
0.400000 
0.400000 
0.400000 
0.400000 
0.400000 
0.091259 
0.197706 
0.293943 
0.358978 
0.400000 
0.400000 
0.400000 
0.400000 
0.400000 
0.400000 
0.091362 
0.198083 
0.295031 
0.361108 
0.400000 
0.400000 
0.400000 
0.400000 
0.400000 
0.400000 
0.091515 
0.198613 
0.296437 
0.363622 
0.400000 
0.400000 
0.400000 
0.400000 
0.400000 
0.400000 
0.091745 
0.199370 
0.298288 
0.366626 
0.400000 
0.400000 
0.400000 
0.400000 
0.400000 
0.400000 
0.092099 
0.200481 
0.300801 
0.370279 
0.400000 
0.400000 
0.400000 
0.400000 
0.400000 
0.400000 
0.095757 
0.208964 
0.312944 
0.382503 
0.400000 
0.400000 
0.400000 
0.400000 
0.400000 
0.400000 
0.128612 
0.260603 
0.358380 
0.400000 
0.400000 
0.400000 
0.400000 
0.400000 
0.400000 
0.400000 
0.259067 
0.355078 
0.399174 
0.400000 
0.400000 
0.400000 
0.400000 
0.400000 
0.400000 
0.400000 
0.400000 
0.400000 
0.400000 
0.400000 
0.400000 
0.400000 
0.400000 
0.400000 
0.400000 
0.400000 
0.400000 
0.400000 
0.400000 
0.400000 
0.400000 
0.400000 
0.400000 
0.400000 
0.400000 
0.400000 
0.400000 
0.400000 
0.400000 
0.400000 
0.400000 
0.400000 
0.400000 
0.400000 
0.400000 
0.400000 
0.400000 
0.400000 
0.400000 
0.400000 
0.400000 
0.400000 
0.400000 
0.400000 
0.400000 
0.400000 
0.400000 
0.400000 
0.400000 
0.400000 
0.400000 
0.400000 
0.400000 
0.400000 
0.400000 
0.400000 
0.400000 
0.400000 
0.400000 
0.400000 
0.400000 
0.400000 
0.400000 
0.400000 
0.400000 
0.400000 
0.400000 
0.400000 
0.400000 
0.400000 
0.400000 
0.400000 
0.400000 
0.400000 
0.400000 
0.400000 
0.400000 
0.400000 
0.400000 
0.400000 
0.400000 
0.400000 
0.400000 
0.400000 
0.400000 
0.400000 
0.400000 
0.400000 
0.400000 
0.400000 
0.400000 
0.400000 
0.400000 
0.400000 
0.400000 
0.400000 
0.400000 
0.400000 
0.400000 
0.400000 
0.400000 
0.400000 
0.400000 
0.400000 
0.400000 
0.400000 
0.400000 
0.400000 
0.400000 
0.400000 
0.400000 
0.400000 
0.400000 
0.400000 
0.400000 
0.400000 
0.400000 
0.400000 
0.400000 
0.400000 
0.400000 
0.400000 
0.400000 
0.400000 
0.400000 
0.400000 
0.400000 
0.400000 
0.400000 
0.400000 
0.400000 
0.400000 
0.400000 
0.400000 
0.400000 
0.400000 
0.400000 
0.400000 
0.400000 
0.400000 
0.400000 
0.400000 
0.400000 
0.400000 
0.400000 
0.400000 
0.400000 
0.400000 
0.400000 
0.400000 
0.400000 
0.400000 
0.400000 
0.400000 
0.400000 
0.400000 
0.400000 
0.400000 
0.400000 
0.400000 
0.400000 
0.400000 
0.400000 
0.400000 
0.400000 
0.400000 
0.400000 
0.400000 
0.400000 
0.400000 
0.400000 
0.400000 
0.400000 
0.400000 
0.400000 
0.400000 
0.400000 
0.400000 
0.400000 
0.400000 
0.400000 
0.400000 
0.400000 
0.400000 
0.400000 
0.400000 
0.400000 
0.400000 
0.400000 
0.400000 
0.400000 
0.400000 
0.400000 
0.400000 
0.400000 
0.400000 
0.400000 
0.400000 
0.400000 
0.400000 
0.400000 
0.400000 
0.400000 
0.400000 
0.400000 
0.400000 
0.400000 
0.400000 
0.400000 
0.400000 
0.400000 
0.400000 
0.400000 
0.400000 
0.400000 
0.400000 
0.400000 
0.400000 
0.400000 
0.400000 
0.400000 
0.400000 
0.400000 
0.400000 
0.400000 
0.400000 
0.400000 
0.400000 
0.400000 
0.400000 
0.400000 
0.400000 
0.400000 
0.400000 
0.400000 
0.400000 
0.400000 
0.400000 
0.400000 
0.400000 
0.400000 
0.400000 
0.400000 
0.400000 
0.400000 
0.400000 
0.400000 
0.400000 
0.400000 
0.400000 
0.400000 
0.400000 
0.400000 
0.400000 
0.400000 
0.400000 
0.400000 
0.400000 
0.400000 
0.400000 
0.400000 
0.400000 
0.400000 
0.400000 
0.400000 
0.400000 
0.400000 
0.400000 
0.400000 
0.400000 
0.400000 
0.400000 
0.400000 
0.400000 
0.400000 
0.400000 
0.400000 
0.400000 
0.400000 
0.400000 
0.400000 
0.400000 
0.400000 
0.400000 
0.400000 
0.400000 
0.400000 
0.400000 
0.400000 
0.400000 
0.400000 
0.400000 
0.400000 
0.400000 
0.400000 
0.400000 
0.400000 
0.400000 
0.400000 
0.400000 
0.400000 
0.400000 
0.400000 
0.400000 
0.400000 
0.400000 
0.400000 
0.400000 
0.400000 
0.400000 
0.400000 
0.400000 
0.400000 
0.400000 
0.400000 
0.400000 
0.400000 
0.400000 
0.400000 
0.400000 
0.400000 
0.400000 
0.400000 
0.400000 
0.400000 
0.400000 
0.400000 
0.400000 
0.400000 
0.400000 
0.400000 
0.400000 
0.400000 
0.400000 
0.400000 
0.400000 
0.400000 
0.400000 
0.400000 
0.400000 
0.400000 
0.400000 
0.400000 
0.400000 
0.400000 
0.400000 
0.400000 
0.400000 
0.400000 
0.400000 
0.400000 
0.400000 
0.400000 
0.400000 
0.400000 
0.400000 
0.400000 
0.400000 
0.400000 
0.400000 
0.400000 
0.400000 
0.400000 
0.400000 
0.400000 
0.400000 
0.400000 
0.400000 
0.400000 
0.400000 
0.400000 
0.400000 
0.400000 
0.400000 
0.400000 
0.400000 
0.400000 
0.400000 
0.400000 
0.400000 
0.400000 
0.400000 
0.400000 
0.400000 
0.400000 
0.400000 
0.400000 
0.400000 
0.400000 
0.400000 
0.400000 
0.400000 
0.400000 
0.400000 
0.400000 
0.400000 
0.400000 
0.400000 
0.400000 
0.400000 
0.400000 
0.400000 
0.400000 
0.400000 
0.400000 
0.400000 
0.400000 
0.400000 
0.400000 
0.400000 
0.400000 
0.400000 
0.400000 
0.400000 
0.400000 
0.400000 
0.400000 
0.400000 
0.400000 
0.400000 
0.400000 
0.400000 
0.400000 
0.400000 
0.400000 
0.400000 
0.400000 
0.400000 
0.400000 
0.400000 
0.400000 
0.400000 
0.400000 
0.400000 
0.400000 
0.400000 
0.400000 
0.400000 
0.400000 
0.400000 
0.400000 
0.400000 
0.400000 
0.400000 
0.400000 
0.400000 
0.400000 
0.400000 
0.400000 
0.400000 
0.400000 
0.400000 
0.400000 
0.400000 
0.400000 
0.400000 
0.400000 
0.400000 
0.400000 
0.400000 
0.400000 
0.400000 
0.400000 
0.400000 
0.400000 
0.400000 
0.400000 
0.400000 
0.400000 
0.400000 
0.400000 
0.400000 
0.400000 
0.400000 
0.400000 
0.400000 
0.400000 
0.400000 
0.400000 
0.400000 
0.400000 
0.400000 
0.400000 
0.400000 
0.400000 
0.400000 
0.400000 
0.400000 
0.400000 
0.400000 
0.400000 
0.400000 
0.400000 
0.400000 
0.400000 
0.400000 
0.400000 
0.400000 
0.400000 
0.400000 
0.400000 
0.400000 
0.400000 
0.400000 
0.400000 
0.400000 
0.400000 
0.400000 
0.400000 
0.400000 
0.400000 
0.400000 
0.400000 
0.400000 
0.400000 
0.400000 
0.400000 
0.400000 
0.400000 
0.400000 
0.400000 
0.400000 
0.400000 
0.400000 
0.400000 
0.400000 
0.400000 
0.400000 
0.400000 
0.400000 
0.400000 
0.400000 
0.400000 
0.400000 
0.400000 
0.400000 
0.400000 
0.400000 
0.400000 
0.400000 
0.400000 
0.400000 
0.400000 
0.400000 
0.400000 
0.400000 
0.400000 
0.400000 
0.400000 
0.400000 
0.400000 
0.400000 
0.400000 
0.400000 
0.400000 
0.400000 
0.400000 
0.400000 
0.400000 
0.400000 
0.400000 
0.400000 
0.400000 
0.400000 
0.400000 
0.400000 
0.400000 
0.400000 
0.400000 
0.400000 
0.400000 
0.400000 
0.400000 
0.400000 
0.400000 
0.400000 
0.400000 
0.400000 
0.400000 
0.400000 
0.400000 
0.400000 
0.400000 
0.400000 
0.400000 
0.400000 
0.400000 
0.400000 
0.400000 
0.400000 
0.400000 
0.400000 
0.400000 
0.400000 
0.400000 
0.400000 
0.400000 
0.400000 
0.400000 
0.400000 
0.400000 
0.400000 
0.400000 
0.400000 
0.400000 
0.400000 
0.400000 
0.400000 
0.400000 
0.400000 
0.400000 
0.400000 
0.400000 
0.400000 
0.400000 
0.400000 
0.400000 
0.400000 
0.400000 
0.400000 
0.400000 
0.400000 
0.400000 
0.400000 
0.400000 
0.400000 
0.400000 
0.400000 
0.400000 
0.400000 
0.400000 
0.400000 
0.400000 
0.400000 
0.400000 
0.400000 
0.400000 
0.400000 
0.400000 
0.400000 
0.400000 
0.400000 
0.400000 
0.400000 
0.400000 
0.400000 
0.400000 
0.400000 
0.400000 
0.400000 
0.400000 
0.400000 
0.400000 
0.400000 
0.400000 
0.400000 
0.400000 
0.400000 
0.400000 
0.400000 
0.400000 
0.400000 
0.400000 
0.400000 
0.400000 
0.400000 
0.400000 
0.400000 
0.400000 
0.400000 
0.400000 
0.400000 
0.400000 
0.400000 
0.400000 
0.400000 
0.400000 
0.400000 
0.400000 
0.400000 
0.400000 
0.400000 
0.400000 
0.400000 
0.400000 
0.400000 
0.400000 
0.400000 
0.400000 
0.400000 
0.400000 
0.400000 
0.400000 
0.400000 
0.400000 
0.400000 
0.400000 
0.400000 
0.400000 
0.400000 
0.400000 
0.400000 
0.400000 
0.400000 
0.400000 
0.400000 
0.400000 
0.400000 
0.400000 
0.400000 
0.400000 
0.400000 
0.400000 
0.400000 
0.400000 
0.400000 
0.400000 
0.400000 
0.400000 
0.400000 
0.400000 
0.400000 
0.400000 
0.400000 
0.400000 
0.400000 
0.400000 
0.400000 
0.400000 
0.400000 
0.400000 
0.400000 
0.400000 
0.400000 
0.400000 
0.400000 
0.400000 
0.400000 
0.400000 
0.400000 
0.400000 
0.400000 
0.400000 
0.400000 
0.400000 
0.400000 
0.400000 
0.400000 
0.400000 
0.400000 
0.400000 
0.400000 
0.400000 
0.400000 
0.400000 
0.400000 
0.400000 
0.400000 
0.400000 
0.400000 
0.400000 
0.400000 
0.400000 
0.400000 
0.400000 
0.400000 
0.400000 
0.400000 
0.400000 
0.400000 
0.400000 
0.400000 
0.400000 
0.400000 
0.400000 
0.400000 
0.400000 
0.400000 
0.400000 
0.400000 
0.400000 
0.400000 
0.400000 
0.400000 
0.400000 
0.400000 
0.400000 
0.400000 
0.400000 
0.400000 
0.400000 
0.400000 
0.400000 
0.400000 
0.400000 
0.400000 
0.400000 
0.400000 
0.400000 
0.400000 
0.400000 
0.400000 
0.400000 
0.400000 
0.400000 
0.400000 
0.400000 
0.400000 
0.400000 
0.400000 
0.400000 
0.400000 
0.400000 
0.400000 
0.400000 
0.400000 
0.400000 
0.400000 
0.400000 
0.400000 
0.400000 
0.400000 
0.400000 
0.400000 
0.400000 
0.400000 
0.400000 
0.400000 
0.400000 
0.400000 
0.400000 
0.400000 
0.400000 
0.400000 
0.400000 
0.400000 
0.400000 
0.400000 
0.400000 
0.400000 
0.400000 
0.400000 
0.400000 
0.400000 
0.400000 
0.400000 
0.400000 
0.400000 
0.400000 
0.400000 
0.400000 
0.400000 
0.400000 
0.400000 
0.400000 
0.400000 
0.400000 
0.400000 
0.400000 
0.400000 
0.400000 
0.400000 
0.400000 
0.400000 
0.400000 
0.400000 
0.400000 
0.400000 
0.400000 
0.400000 
0.400000 
0.400000 
0.400000 
0.400000 
0.400000 
0.400000 
0.400000 
0.400000 
0.400000 
0.400000 
0.400000 
0.400000 
0.400000 
0.400000 
0.400000 
0.400000 
0.400000 
0.400000 
0.400000 
0.400000 
0.400000 
0.400000 
0.400000 
0.400000 
0.400000 
0.400000 
0.400000 
0.400000 
0.400000 
0.400000 
0.400000 
0.400000 
0.400000 
0.400000 
0.400000 
0.400000 
0.400000 
0.400000 
0.400000 
0.400000 
0.400000 
0.400000 
0.400000 
0.400000 
0.400000 
0.400000 
0.400000 
0.400000 
0.400000 
0.400000 
0.400000 
0.400000 
0.400000 
0.400000 
0.400000 
0.400000 
0.400000 
0.400000 
0.400000 
0.400000 
0.400000 
0.400000 
0.400000 
0.400000 
0.400000 
0.400000 
0.400000 
0.400000 
0.400000 
0.400000 
0.400000 
0.400000 
0.400000 
0.400000 
0.400000 
0.400000 
0.400000 
0.400000 
0.400000 
0.400000 
0.400000 
0.400000 
0.400000 
0.400000 
0.400000 
0.400000 
0.400000 
0.400000 
0.400000 
0.400000 
0.400000 
0.400000 
0.400000 
0.400000 
0.400000 
0.400000 
0.400000 
0.400000 
0.400000 
0.400000 
0.400000 
0.400000 
0.400000 
0.400000 
0.400000 
0.400000 
0.400000 
0.400000 
0.400000 
0.400000 
0.400000 
0.400000 
0.400000 
0.400000 
0.400000 
0.400000 
0.400000 
0.400000 
0.400000 
0.400000 
0.400000 
0.400000 
0.400000 
0.400000 
0.400000 
0.400000 
0.400000 
0.400000 
0.400000 
0.400000 
0.400000 
0.400000 
0.400000 
0.400000 
0.400000 
0.400000 
0.400000 
0.400000 
0.400000 
0.400000 
0.400000 
0.400000 
0.400000 
0.400000 
0.400000 
0.400000 
0.400000 
0.400000 
0.400000 
0.400000 
0.400000 
0.400000 
0.400000 
0.400000 
0.400000 
0.400000 
0.400000 
0.400000 
0.400000 
0.400000 
0.400000 
0.400000 
0.400000 
0.400000 
0.400000 
0.400000 
0.400000 
0.400000 
0.400000 
0.400000 
0.400000 
0.400000 
0.400000 
0.400000 
0.400000 
0.400000 
0.400000 
0.400000 
0.400000 
0.400000 
0.400000 
0.400000 
0.400000 
0.400000 
0.400000 
0.400000 
0.400000 
0.400000 
0.400000 
0.400000 
0.400000 
0.400000 
0.400000 
0.400000 
0.400000 
0.400000 
0.400000 
0.400000 
0.400000 
0.400000 
0.400000 
0.400000 
0.400000 
0.400000 
0.400000 
0.400000 
0.400000 
0.400000 
0.400000 
0.400000 
0.400000 
0.400000 
0.400000 
0.400000 
0.400000 
0.400000 
0.400000 
0.400000 
0.400000 
0.400000 
0.400000 
0.400000 
0.400000 
0.400000 
0.400000 
0.400000 
0.400000 
0.400000 
0.400000 
0.400000 
0.400000 
0.400000 
0.400000 
0.400000 
0.400000 
0.400000 
0.400000 
0.400000 
0.400000 
0.400000 
0.400000 
0.400000 
0.400000 
0.400000 
0.400000 
0.400000 
0.400000 
0.400000 
0.400000 
0.400000 
0.400000 
0.400000 
0.400000 
0.400000 
0.400000 
0.400000 
0.400000 
0.400000 
0.400000 
0.400000 
0.400000 
0.400000 
0.400000 
0.400000 
0.400000 
0.400000 
0.400000 
0.400000 
0.400000 
0.400000 
0.400000 
0.400000 
0.400000 
0.400000 
0.400000 
0.400000 
0.400000 
0.400000 
0.400000 
0.400000 
0.400000 
0.400000 
0.400000 
0.400000 
0.400000 
0.400000 
0.400000 
0.400000 
0.400000 
0.400000 
0.400000 
0.400000 
0.400000 
0.400000 
0.400000 
0.400000 
