1.000000 
1.000000 
1.000000 
1.000000 
1.000000 
1.000000 
1.000000 
1.000000 
1.000000 
1.000000 
1.000000 
1.000000 
1.000000 
1.000000 
1.000000 
1.000000 
1.000000 
1.000000 
1.000000 
1.000000 
1.000000 
1.000000 
1.000000 
1.000000 
1.000000 
1.000000 
1.000000 
1.000000 
1.000000 
1.000000 
1.000000 
0.960000 
0.840000 
0.730000 
0.606123 
0.606120 
0.606099 
0.606096 
0.606095 
0.606094 
0.606093 
0.606091 
0.606091 
0.606090 
0.606090 
0.606089 
0.606088 
0.606088 
0.606087 
0.606086 
0.606086 
0.606085 
0.606084 
0.606083 
0.606082 
0.606081 
0.606080 
0.606079 
0.606078 
0.606077 
0.606076 
0.606075 
0.606074 
0.606073 
0.606072 
0.606070 
0.606069 
0.606068 
0.606066 
0.606065 
0.606063 
0.606062 
0.606060 
0.606059 
0.606057 
0.606055 
0.606054 
0.606052 
0.606050 
0.606049 
0.606047 
0.606045 
0.606043 
0.606041 
0.606040 
0.606038 
0.606036 
0.606034 
0.606031 
0.606029 
0.606027 
0.606025 
0.606022 
0.606020 
0.606018 
0.606015 
0.606013 
0.606010 
0.606008 
0.606003 
0.606000 
0.605996 
0.605990 
0.605985 
0.605976 
0.605974 
0.605971 
0.605969 
0.605967 
0.605965 
0.605963 
0.605961 
0.605959 
0.605957 
0.605954 
0.605952 
0.605950 
0.605948 
0.605946 
0.605944 
0.605942 
0.605940 
0.605938 
0.605936 
0.605934 
0.605932 
0.605930 
0.605927 
0.605925 
0.605923 
0.605921 
0.605919 
0.605917 
0.605915 
0.605913 
0.605911 
0.605909 
0.605907 
0.605905 
0.605903 
0.605901 
0.605899 
0.605897 
0.605895 
0.605893 
0.605890 
0.605888 
0.605886 
0.605883 
0.605881 
