0.01,0.747
0.02,0.735
0.03,0.723
0.04,0.71
0.05,0.697
0.06,0.684
0.07,0.671
0.08,0.658
0.09,0.645
0.1,0.632
0.11,0.621
0.12,0.611
0.13,0.602
0.14,0.591
0.15,0.581
0.16,0.57
0.17,0.561
0.18,0.551
0.19,0.542
0.2,0.532
0.21,0.523
0.22,0.514
0.23,0.505
0.24,0.496
0.25,0.488
0.26,0.479
0.27,0.47
0.28,0.461
0.29,0.453
0.3,0.444
0.31,0.435
0.32,0.427
0.33,0.418
0.34,0.409
0.35,0.4
0.36,0.39
0.37,0.381
0.38,0.371
0.39,0.362
0.4,0.354
0.41,0.345
0.42,0.337
0.43,0.328
0.44,0.32
0.45,0.311
0.46,0.302
0.47,0.294
0.48,0.285
0.49,0.276
0.5,0.267
0.51,0.259
0.52,0.25
0.53,0.241
0.54,0.232
0.55,0.224
0.56,0.215
0.57,0.206
0.58,0.198
0.59,0.188
0.6,0.179
0.61,0.169
0.62,0.16
0.63,0.15
0.64,0.141
0.65,0.131
0.66,0.121
0.67,0.111
0.68,0.1
0.69,0.088
0.7,0.076
0.71,0.061
0.72,0.045
0.73,0.029
